34
53
81
85
54
89
28
58
28
22
53
39
63
45
18
82
97
79
55
98
47
86
48
73
5
25
96
71
29
20
38
82
89
31
21
7
12
28
19
95
23
8
9
31
92
86
90
97
48
81
68
17
4
72
77
1
58
32
8
59
71
63
90
89
55
53
72
81
5
42
38
48
65
28
100
4
41
80
53
26
32
23
5
100
62
52
34
33
51
71
84
44
45
21
19
35
3
68
45
88
80
88
42
55
15
25
86
1
83
75
19
58
38
34
23
49
39
28
97
86
22
45
52
8
48
27
31
72
51
70
99
35
50
38
5
44
35
53
91
55
42
65
81
12
97
70
66
8
39
80
44
84
85
58
79
95
22
21
25
55
11
78
83
90
80
11
52
76
96
62
5
32
38
25
93
97
50
7
36
8
38
2
7
15
49
6
90
64
1
2
95
7
74
28
23
39
85
26
9
9
8
2
25
6
40
72
93
72
35
55
82
42
3
80
33
7
69
2
11
75
88
99
52
4
5
8
21
85
68
77
93
94
85
56
4
50
57
44
34
56
3
87
13
71
31
67
79
33
10
9
50
95
49
64
82
86
75
97
81
51
66
32
8
83
20
89
47
58
47
14
49
40
57
4
43
44
21
6
35
41
48
19
85
28
43
99
13
86
5
43
65
27
36
71
88
80
99
37
11
85
52
21
38
45
9
31
55
54
64
73
64
4
85
36
87
78
63
93
20
98
55
65
74
28
57
27
44
1
29
5
49
21
64
28
81
84
84
11
91
10
58
32
71
7
99
0
74
20
16
3
47
59
10
74
46
84
59
71
48
72
0
5
58
89
3
6
73
67
18
60
67
43
56
32
100
42
11
31
77
21
18
45
57
59
22
23
87
53
82
9
44
35
67
4
75
53
36
47
92
24
10
12
17
24
28
22
46
41
86
92
36
63
19
16
12
78
50
83
23
60
50
16
71
2
55
10
78
75
8
89
81
50
78
22
56
20
56
89
10
32
45
85
27
100
51
39
67
41
43
40
82
59
81
84
25
12
95
77
24
75
6
83
64
75
49
67
71
73
50
20
57
16
17
71
5
44
99
36
99
12
40
21
88
25
13
96
43
26
81
30
10
34
42
72
83
70
81
84
36
92
90
1
14
70
8
8
78
74
5
24
54
98
96
41
1
64
63
36
99
45
53
30
55
8
66
1
58
61
90
36
57
87
97
22
92
77
94
26
1
59
89
37
25
83
33
82
64
51
0
13
46
49
3
46
8
74
1
54
82
84
24
96
32
15
17
21
23
79
42
13
4
25
94
69
54
93
21
86
79
95
58
15
68
63
15
65
87
100
7
4
21
51
49
58
45
61
51
52
37
60
61
36
32
33
64
48
48
81
74
85
14
26
57
81
59
53
10
22
33
38
65
7
65
55
60
79
82
31
84
69
48
45
64
88
20
83
42
30
39
31
81
45
32
12
68
8
36
37
43
56
1
49
84
3
83
86
25
32
68
86
61
44
78
32
69
46
93
52
94
24
56
3
53
48
40
95
83
82
62
29
1
87
65
40
43
55
10
82
46
0
38
87
75
11
98
43
15
77
81
48
51
36
21
84
5
83
73
49
24
20
8
7
40
26
51
39
52
0
65
2
50
88
25
74
87
22
100
8
16
44
74
93
95
36
82
78
56
74
91
80
78
60
36
2
42
4
1
88
32
46
84
25
1
52
77
67
67
44
88
65
21
59
88
27
43
63
54
16
51
30
9
27
39
53
97
15
99
28
57
61
34
65
83
69
43
72
92
89
60
71
98
87
13
43
63
48
84
37
0
92
19
19
57
12
2
95
70
61
19
60
64
13
68
39
47
39
59
28
92
21
82
65
40
44
35
25
88
58
17
14
33
19
49
66
47
94
57
79
16
29
62
23
14
46
67
11
44
6
65
21
10
75
33
20
72
75
26
58
45
54
32
49
34
19
86
78
84
60
25
74
61
83
93
33
99
2
76
77
59
97
19
2
6
95
41
55
88
93
100
59
82
34
4
98
6
33
63
94
92
43
10
25
98
69
69
54
95
89
56
82
59
20
69
42
7
83
32
23
37
15
35
82
9
23
17
35
53
51
52
58
67
55
81
82
21
66
47
77
78
19
27
66
80
17
3
8
72
50
17
57
75
19
98
7
23
40
16
2
72
80
39
20
56
51
71
48
85
43
14
27
51
82
27
15
38
29
55
89
85
96
14
30
21
17
86
65
50
68
76
81
84
20
26
59
59
19
16
66
78
56
48
97
9
37
94
53
72
98
4
16
70
2
88
49
65
64
1
69
22
74
3
82
81
87
60
33
59
97
3
12
36
66
97
94
19
37
82
37
98
89
24
41
31
66
17
69
72
83
43
94
72
30
59
74
4
34
80
53
72
100
51
26
74
75
91
29
33
67
96
5
4
38
43
10
18
43
88
29
38
23
30
64
53
79
4
25
42
20
99
82
30
96
18
67
35
96
73
19
20
18
50
26
62
25
30
84
19
31
10
23
55
36
45
70
90
8
81
77
56
97
100
59
81
87
27
86
79
44
58
18
28
83
58
88
59
70
18
69
74
68
62
88
1
81
3
16
49
68
1
39
27
9
70
50
15
26
26
28
85
55
14
70
66
69
40
1
67
58
32
83
15
55
54
13
65
51
53
85
34
90
79
10
39
43
43
22
24
53
62
69
85
22
71
94
14
51
63
40
26
86
62
41
34
9
22
90
85
32
91
31
12
55
72
26
71
74
85
40
75
57
90
54
17
65
54
86
59
37
98
94
63
34
48
66
74
43
47
68
20
78
7
0
56
71
60
29
22
63
89
94
12
71
0
85
12
23
42
52
54
61
5
56
17
66
95
25
41
60
95
51
47
15
65
73
16
82
41
63
72
56
4
46
92
77
78
20
94
69
47
61
100
7
53
29
18
51
9
97
49
82
84
7
73
74
82
28
23
95
57
100
41
30
92
7
25
49
73
1
14
51
27
29
59
50
42
62
60
8
71
48
84
1
78
15
82
39
62
42
4
45
39
77
3
46
92
35
69
18
16
5
8
62
16
22
86
27
78
3
22
86
12
57
93
59
4
21
4
30
32
3
33
73
83
79
2
34
35
58
18
57
41
24
77
25
83
86
90
32
47
93
4
53
41
41
2
37
94
35
13
8
23
57
99
29
47
24
8
8
64
25
40
94
44
63
91
19
11
4
17
36
37
62
89
26
72
23
59
95
49
44
38
0
54
69
7
13
79
93
89
0
86
80
25
52
58
73
25
10
14
79
62
28
64
74
28
15
99
18
93
12
38
49
10
57
58
25
100
25
59
69
8
16
48
60
66
14
64
0
11
25
59
32
99
91
42
78
57
96
76
44
8
70
11
35
34
27
31
47
0
52
76
14
59
26
43
22
60
9
16
65
24
41
32
41
45
90
61
95
34
9
37
58
4
49
41
57
79
70
94
31
90
71
26
63
3
73
31
92
40
26
100
61
82
100
16
94
44
97
3
27
99
83
35
19
8
56
93
57
98
74
94
22
100
82
38
42
56
5
96
34
23
52
5
87
83
54
3
65
73
32
80
92
61
80
0
77
49
73
12
2
71
16
24
4
36
67
17
20
77
43
17
57
93
34
41
97
59
28
23
25
78
35
87
74
16
69
39
78
40
37
50
53
77
46
69
18
29
73
23
77
3
56
75
34
0
72
59
77
58
14
6
72
36
59
95
20
80
26
37
9
1
37
98
47
86
78
71
5
98
14
68
98
96
80
76
54
94
28
7
49
49
87
60
83
38
91
61
39
50
56
8
56
98
45
57
23
74
28
32
75
55
9
34
99
14
49
3
94
69
68
14
0
56
43
82
98
97
94
60
39
100
36
53
88
2
58
33
53
74
70
30
98
22
37
32
71
17
56
99
21
52
18
92
29
10
73
93
22
83
80
54
86
81
96
49
74
94
83
51
8
39
5
66
26
84
16
68
50
91
38
54
16
100
65
63
31
35
47
90
65
83
3
67
86
72
8
66
17
63
33
97
55
41
79
30
32
53
14
41
15
93
87
51
19
26
56
19
93
54
35
33
81
87
80
7
96
31
17
2
17
62
56
88
62
83
95
4
81
72
81
74
9
30
84
100
9
60
47
0
26
13
46
56
66
96
30
95
55
92
84
56
56
65
81
62
45
48
84
79
19
31
2
53
84
64
62
25
1
20
64
99
17
51
96
90
50
53
54
28
44
69
56
2
11
61
99
97
31
69
72
96
99
22
88
5
71
25
88
66
70
18
87
87
5
66
99
32
38
11
18
65
74
1
72
21
92
68
59
50
47
17
89
23
12
0
72
2
81
74
74
97
99
90
68
75
85
32
84
19
57
8
84
40
84
12
79
25
1
76
0
30
35
27
98
48
68
93
47
73
22
68
14
86
56
45
67
92
32
29
36
44
43
85
43
94
85
96
82
30
23
9
98
85
94
35
48
99
80
7
25
61
47
67
43
69
95
47
18
84
57
95
62
82
43
11
95
40
15
30
15
43
32
22
39
20
41
52
52
88
85
95
16
94
23
55
22
52
72
16
15
52
84
8
84
50
45
53
36
46
22
19
46
75
34
9
27
44
6
53
94
84
90
6
35
85
30
92
48
37
3
60
26
2
51
0
53
93
38
52
84
48
74
48
87
80
22
49
3
30
45
3
55
6
32
1
35
51
83
87
93
73
38
20
30
27
40
78
94
87
88
37
16
87
89
77
53
22
73
71
3
13
76
94
68
50
83
62
65
70
71
2
55
33
51
58
83
6
24
84
69
76
43
59
49
65
100
49
30
61
46
43
26
6
49
15
99
22
55
45
49
44
38
76
56
18
77
54
6
45
52
80
72
27
72
47
20
36
34
32
73
70
31
90
41
41
35
50
47
21
54
52
100
5
74
68
42
83
49
35
97
19
45
51
41
17
7
98
18
17
23
78
28
70
7
29
8
35
39
95
77
25
42
26
42
39
34
43
22
83
84
32
68
62
27
36
5
35
36
81
22
22
36
10
85
99
24
47
35
87
41
95
71
20
29
73
77
26
90
66
30
58
74
52
13
66
76
87
46
19
2
77
75
21
37
42
40
97
23
77
48
91
61
25
8
36
100
10
59
26
98
27
7
29
13
88
94
12
2
45
92
13
35
34
72
32
73
6
6
23
64
24
96
80
51
77
71
26
43
39
8
66
95
96
11
28
49
40
49
28
50
53
32
51
6
53
87
27
77
21
25
96
97
0
72
93
4
75
70
56
34
37
39
71
19
87
59
48
51
76
42
64
25
85
64
61
13
99
13
69
7
80
23
50
40
96
70
68
1
26
100
26
16
88
15
9
62
73
76
18
16
3
17
98
48
99
53
3
79
29
37
76
0
62
76
36
100
64
57
58
74
90
20
19
27
20
39
67
31
100
91
8
92
77
88
68
31
22
25
25
88
65
23
0
61
68
13
25
99
40
75
74
89
63
57
68
36
85
51
47
50
39
39
55
20
23
55
24
80
56
89
42
37
62
48
51
64
86
40
55
46
84
66
52
72
8
32
51
16
50
66
91
81
68
4
11
21
98
41
13
21
6
70
52
23
28
30
16
94
78
80
91
19
38
24
46
41
92
18
14
34
23
31
28
70
62
73
26
83
59
55
77
57
45
81
60
39
59
12
35
0
92
54
13
76
30
72
45
76
55
18
15
70
98
3
51
15
24
22
42
93
78
81
85
40
83
14
44
12
92
46
77
84
100
75
36
93
78
56
14
2
8
65
96
61
27
62
12
71
36
31
28
83
56
91
90
77
82
55
31
57
93
19
58
100
60
70
44
25
35
83
63
14
49
58
71
68
20
38
47
57
30
13
25
4
90
82
6
56
87
26
10
54
66
96
71
100
4
29
55
100
57
59
39
8
5
9
60
69
61
70
25
16
92
79
26
31
42
43
18
98
76
53
63
58
91
85
53
84
52
80
10
15
90
76
41
49
6
29
23
79
59
90
19
79
82
20
76
79
46
41
3
36
51
54
20
27
76
41
66
87
46
82
93
90
87
4
67
62
74
25
34
89
21
26
8
61
93
20
100
55
36
33
93
16
35
58
49
81
48
79
10
87
16
50
57
18
50
24
77
48
42
34
78
37
48
40
100
87
13
90
53
37
98
8
49
26
10
48
56
76
61
16
61
38
69
5
2
60
96
72
86
18
2
74
67
4
52
78
75
31
42
25
100
70
48
47
72
46
71
23
25
16
27
51
28
31
94
45
59
47
42
20
84
67
73
26
94
25
12
58
69
95
100
100
13
86
39
13
24
29
2
97
69
82
81
48
42
77
7
39
0
27
30
78
74
55
87
35
91
36
40
74
63
100
86
63
3
60
85
65
94
99
96
3
18
83
60
63
67
11
13
56
84
23
60
12
44
28
20
41
36
44
77
29
9
6
56
87
66
83
13
95
64
82
70
51
27
44
17
87
34
33
90
9
15
16
60
3
55
56
28
32
69
16
18
95
85
66
14
20
63
58
49
90
28
58
34
79
3
5
54
13
3
63
3
29
36
63
75
22
62
96
18
23
32
0
61
88
56
88
48
77
22
28
11
24
14
35
66
52
73
58
79
37
51
22
44
64
41
29
82
24
53
86
40
61
51
67
74
82
86
36
67
41
63
21
46
72
37
59
19
83
55
96
93
68
81
48
90
98
15
51
33
83
17
56
8
53
19
78
92
37
50
51
89
9
50
31
79
42
85
30
56
62
75
95
99
82
56
22
95
100
97
26
19
35
40
71
46
21